# RouteViews BGP AS links annotated with inferred relationships.
# See http://as-rank.caida.org
#
# Dataset date: 20080818
# Alpha parameter of inference algorithm: 0.01000
#
# Format: <AS1> <AS2> <relationship>
# where
#   <AS1> and <AS2> are AS numbers, and
#   <relationship> is -1 if AS1 is a customer of AS2,
#                      0 if AS1 and AS2 are peers,
#                      1 if AS1 is a provider of AS2, and
#                      2 if AS1 and AS2 are siblings (the same organization).
#
# NOTE: There will always be two links listed for each pair of ASes
#       engaged in some relationship.  For example, suppose the ASes
#       X and Y are engaged in a provider-customer relationship.
#       Then there will be a provider-to-customer link X -> Y and a
#       customer-to-provider link Y -> X listed in a file.  If the
#       relationship is peer-to-peer, then both the X -> Y and Y -> X
#       links listed in a file will be peer-to-peer (the same applies
#       to sibling-to-sibling links).
#
#       For example, suppose AS3300 and AS12491 are in a provider-customer
#       relationship.  Then the following two links will appear:
#
#        (i) provider-to-customer link from AS3300 to AS12491:
#
#               3300 12491 1
#
#        (ii) customer-to-provider link from AS12491 to AS3300:
#
#               12491 3300 -1.
38720 9583 -1
REST_OF_WORLD 24127 1
24471 17465 -1
24471 18101 -1
24471 4755 -1
38746 18101 -1
38746 9498 -1
38902 9498 -1
18008 REST_OF_WORLD -1
REST_OF_WORLD 9583 1
37982 18101 -1
37982 4755 -1
24332 9583 -1
24332 18101 -1
REST_OF_WORLD 9498 -1
REST_OF_WORLD 18101 -1
REST_OF_WORLD 4755 -1
17665 9498 -1
17465 23957 1
17465 24471 1
17465 REST_OF_WORLD -1
17465 9498 -1
17465 4755 -1
38029 9498 -1
38029 4755 -1
REST_OF_WORLD 9829 1
REST_OF_WORLD 9498 1
REST_OF_WORLD 9583 1
REST_OF_WORLD 4755 1
38461 18101 -1
38461 4755 -1
17820 24103 1
17820 9498 -1
17820 23658 1
17820 REST_OF_WORLD 1
17820 9910 1
17820 4755 -1
REST_OF_WORLD 9498 -1
REST_OF_WORLD 18101 -1
38898 9583 -1
38898 9498 -1
17495 38139 1
17495 18101 -1
24029 18101 -1
24029 9498 -1
24554 4755 -1
REST_OF_WORLD 9583 1
REST_OF_WORLD 24448 1
REST_OF_WORLD 9347 1
REST_OF_WORLD 17825 1
REST_OF_WORLD 9910 1
REST_OF_WORLD 18101 1
REST_OF_WORLD 38015 1
REST_OF_WORLD 38174 1
REST_OF_WORLD 9829 1
24501 9498 -1
24501 18101 -1
2697 REST_OF_WORLD -1
2697 18101 -1
2697 9498 -1
2697 4755 -1
REST_OF_WORLD 7633 -1
REST_OF_WORLD 4755 -1
REST_OF_WORLD 9583 1
REST_OF_WORLD 17465 1
REST_OF_WORLD 9498 1
REST_OF_WORLD 9583 1
REST_OF_WORLD 9829 1
REST_OF_WORLD 9498 1
9730 9498 -1
9730 18002 -1
9730 REST_OF_WORLD -1
38015 REST_OF_WORLD -1
38015 18101 -1
38015 9498 -1
38015 REST_OF_WORLD -1
38015 4755 -1
REST_OF_WORLD 9498 -1
REST_OF_WORLD 4755 -1
24392 10201 -1
REST_OF_WORLD 18223 1
17810 4755 -1
38000 9498 -1
38000 18101 -1
38000 4755 -1
38596 REST_OF_WORLD -1
38596 REST_OF_WORLD -1
REST_OF_WORLD 9583 -1
REST_OF_WORLD 17820 -1
REST_OF_WORLD 9583 -1
REST_OF_WORLD 4755 -1
38310 9498 -1
REST_OF_WORLD 24109 1
17762 4755 -1
REST_OF_WORLD 9583 1
REST_OF_WORLD 9829 1
REST_OF_WORLD 9498 1
REST_OF_WORLD 4755 -1
24003 9498 -1
38237 18101 -1
38237 4755 -1
REST_OF_WORLD 38072 1
REST_OF_WORLD 18101 -1
REST_OF_WORLD 4755 -1
REST_OF_WORLD 18105 -1
9910 REST_OF_WORLD -1
9910 18231 -1
9910 REST_OF_WORLD -1
9910 17820 -1
17753 9498 -1
17466 9498 -1
17466 4755 -1
38538 18101 -1
REST_OF_WORLD 4755 -1
23994 REST_OF_WORLD -1
23994 9498 -1
23994 REST_OF_WORLD -1
23994 REST_OF_WORLD -1
REST_OF_WORLD 4755 -1
REST_OF_WORLD 9414 1
REST_OF_WORLD 38596 1
REST_OF_WORLD 18223 1
REST_OF_WORLD 23994 1
4755 REST_OF_WORLD 1
4755 REST_OF_WORLD 1
4755 38312 1
4755 38029 1
4755 REST_OF_WORLD 1
4755 REST_OF_WORLD 1
4755 17466 1
4755 REST_OF_WORLD 1
4755 9796 1
4755 9583 1
4755 17825 1
4755 17447 1
4755 REST_OF_WORLD 1
4755 REST_OF_WORLD -1
4755 17624 1
4755 REST_OF_WORLD 1
4755 REST_OF_WORLD 1
4755 18231 1
4755 REST_OF_WORLD 1
4755 REST_OF_WORLD 1
4755 10125 1
4755 REST_OF_WORLD -1
4755 38625 1
4755 18172 1
4755 REST_OF_WORLD 1
4755 REST_OF_WORLD 1
4755 REST_OF_WORLD 1
4755 9829 1
4755 38461 1
4755 17648 1
4755 37982 1
4755 38457 1
4755 38241 1
4755 10077 1
4755 38324 1
4755 REST_OF_WORLD 1
4755 24468 1
4755 REST_OF_WORLD 1
4755 REST_OF_WORLD 1
4755 9430 1
4755 REST_OF_WORLD 1
4755 38266 1
4755 23664 1
4755 7633 1
4755 17830 1
4755 38224 1
4755 24374 1
4755 17465 1
4755 REST_OF_WORLD 1
4755 38191 1
4755 9625 1
4755 38810 1
4755 24448 1
4755 REST_OF_WORLD 1
4755 24109 1
4755 18207 1
4755 24186 1
4755 9498 -1
4755 17439 1
4755 10201 1
4755 REST_OF_WORLD 1
4755 REST_OF_WORLD 1
4755 REST_OF_WORLD 1
4755 17443 1
4755 17426 1
4755 9554 1
4755 45219 1
4755 24216 1
4755 38237 1
4755 23872 1
4755 17810 1
4755 38219 1
4755 24471 1
4755 38174 1
4755 17625 1
4755 REST_OF_WORLD 1
4755 24327 1
4755 38015 1
4755 REST_OF_WORLD 1
4755 38306 1
4755 37934 1
4755 45117 1
4755 9285 1
4755 REST_OF_WORLD 1
4755 REST_OF_WORLD -1
4755 18223 1
4755 17813 1
4755 24554 1
4755 2697 1
4755 38557 1
4755 17453 1
4755 38000 1
4755 17762 1
4755 17436 1
4755 45205 1
4755 17488 1
4755 REST_OF_WORLD 1
4755 45210 1
4755 10029 1
4755 38872 1
4755 24558 1
4755 17903 1
4755 17820 1
4755 10215 1
4755 18229 1
4755 9396 1
4755 24391 1
4755 23901 1
4755 24515 1
4755 38907 1
4755 24055 1
4755 24485 1
4755 24222 1
4755 REST_OF_WORLD 1
4755 17786 1
4755 24178 1
4755 REST_OF_WORLD 1
4755 23860 1
4755 24397 1
4755 9238 1
4755 9941 1
4755 18196 1
4755 4758 1
4755 18120 1
4755 REST_OF_WORLD 1
4755 REST_OF_WORLD -1
4755 18167 1
4755 18002 1
4755 45202 1
9941 9583 -1
9941 4755 -1
10215 9498 -1
10215 7633 -1
10215 4755 -1
REST_OF_WORLD 9498 -1
24560 9498 -1
9625 REST_OF_WORLD -1
9625 18101 -1
9625 9498 -1
9625 4755 -1
9625 37986 1
REST_OF_WORLD 9498 -1
38571 9498 -1
38457 9498 -1
38457 17447 -1
38457 4755 -1
REST_OF_WORLD 24574 1
REST_OF_WORLD 4755 -1
REST_OF_WORLD 24374 1
REST_OF_WORLD 18101 -1
REST_OF_WORLD 45219 1
REST_OF_WORLD 38324 1
REST_OF_WORLD 18167 1
38241 18101 -1
38241 4755 -1
7633 10215 1
7633 18101 -1
7633 9498 -1
7633 REST_OF_WORLD 1
7633 REST_OF_WORLD -1
7633 4755 -1
38594 10029 -1
38594 18101 -1
REST_OF_WORLD 4755 -1
REST_OF_WORLD 18101 -1
23768 18101 -1
45148 9498 -1
17747 9829 -1
18101 23957 1
18101 38237 1
18101 24029 1
18101 23872 1
18101 45119 1
18101 38219 1
18101 9666 1
18101 24471 1
18101 24501 1
18101 17625 1
18101 38746 1
18101 38015 1
18101 REST_OF_WORLD 1
18101 38072 1
18101 45117 1
18101 17825 1
18101 17447 1
18101 38058 1
18101 17624 1
18101 REST_OF_WORLD 1
18101 24103 1
18101 17813 1
18101 23976 1
18101 38538 1
18101 9830 1
18101 REST_OF_WORLD 1
18101 2697 1
18101 REST_OF_WORLD 1
18101 9829 1
18101 17803 1
18101 REST_OF_WORLD -1
18101 38461 1
18101 REST_OF_WORLD -1
18101 37982 1
18101 18105 1
18101 24332 1
18101 38000 1
18101 45205 1
18101 17488 1
18101 REST_OF_WORLD 1
18101 REST_OF_WORLD 1
18101 38241 1
18101 38257 1
18101 10077 1
18101 38468 1
18101 9347 1
18101 REST_OF_WORLD 1
18101 10029 1
18101 17483 1
18101 17903 1
18101 REST_OF_WORLD 1
18101 9430 1
18101 45189 1
18101 17917 1
18101 38204 1
18101 9396 1
18101 REST_OF_WORLD 1
18101 7633 1
18101 24391 1
18101 24515 1
18101 23901 1
18101 17818 1
18101 17754 1
18101 37986 1
18101 38021 1
18101 38191 1
18101 9625 1
18101 23772 1
18101 24109 1
18101 REST_OF_WORLD 1
18101 REST_OF_WORLD 1
18101 REST_OF_WORLD 1
18101 38743 1
18101 23860 1
18101 24186 1
18101 10201 1
18101 23768 1
18101 24397 1
18101 45196 1
18101 45232 1
18101 17495 1
18101 9554 1
18101 45150 1
18101 38594 1
18101 18167 1
18101 24539 1
18101 18002 1
38615 REST_OF_WORLD -1
REST_OF_WORLD 9498 -1
REST_OF_WORLD 18101 -1
23664 4755 -1
17453 9498 -1
17453 4755 -1
REST_OF_WORLD 9498 1
17447 9498 -1
17447 18101 -1
17447 38457 1
17447 4755 -1
REST_OF_WORLD 38743 1
REST_OF_WORLD 18101 -1
REST_OF_WORLD 4755 -1
9347 REST_OF_WORLD -1
9347 18101 -1
9347 REST_OF_WORLD -1
17813 18101 -1
17813 9498 -1
17813 4755 -1
23957 17465 -1
23957 18101 -1
23957 9498 -1
REST_OF_WORLD 10029 -1
REST_OF_WORLD 9498 -1
10077 REST_OF_WORLD -1
10077 38476 1
10077 18101 -1
10077 9498 -1
10077 4755 -1
23901 18101 -1
23901 4755 -1
24103 9583 -1
24103 18101 -1
24103 17820 -1
4758 4755 -1
REST_OF_WORLD 24222 1
REST_OF_WORLD 23994 1
REST_OF_WORLD 9498 -1
REST_OF_WORLD 9498 -1
9554 18101 -1
9554 9498 -1
9554 4755 -1
18207 9498 -1
18207 4755 -1
18223 REST_OF_WORLD -1
18223 9498 -1
18223 REST_OF_WORLD -1
18223 4755 -1
23860 18101 -1
23860 4755 -1
45144 10029 -1
24397 18101 -1
24397 9498 -1
24397 4755 -1
9501 9498 -1
38314 9498 -1
REST_OF_WORLD 4755 -1
REST_OF_WORLD 4755 -1
45119 18101 -1
38236 24186 -1
23747 9583 -1
37934 9498 -1
37934 4755 -1
REST_OF_WORLD 4755 -1
38224 4755 -1
18105 9498 -1
18105 18101 -1
18105 REST_OF_WORLD 1
18105 24009 1
REST_OF_WORLD 9498 -1
45202 9583 -1
45202 4755 -1
24109 REST_OF_WORLD -1
24109 REST_OF_WORLD -1
24109 9498 -1
24109 18101 -1
24109 4755 -1
REST_OF_WORLD 4755 -1
17913 9498 -1
24055 9498 -1
24055 4755 -1
38058 REST_OF_WORLD -1
38058 9498 -1
38058 18101 -1
38529 9498 -1
18167 18101 -1
18167 9498 -1
18167 REST_OF_WORLD -1
18167 4755 -1
10201 38546 1
10201 9498 -1
10201 18101 -1
10201 45236 1
10201 24392 1
10201 4755 -1
10201 9830 1
10201 38625 1
17443 9498 -1
17443 4755 -1
REST_OF_WORLD 2697 1
23682 9498 -1
9396 REST_OF_WORLD -1
9396 18101 -1
9396 4755 -1
REST_OF_WORLD 9583 1
REST_OF_WORLD 24009 1
REST_OF_WORLD 24374 1
REST_OF_WORLD 38615 1
REST_OF_WORLD 9829 1
REST_OF_WORLD 9498 1
REST_OF_WORLD 17903 1
REST_OF_WORLD 9498 -1
REST_OF_WORLD 4755 -1
17488 18101 -1
17488 9498 -1
17488 4755 -1
REST_OF_WORLD 9829 1
REST_OF_WORLD 9498 1
38476 10077 -1
38476 9498 -1
45335 9498 -1
REST_OF_WORLD 9583 1
REST_OF_WORLD 9829 1
REST_OF_WORLD 9498 1
REST_OF_WORLD 17903 1
REST_OF_WORLD 9498 -1
REST_OF_WORLD 9829 -1
45235 10029 -1
38306 4755 -1
38257 9498 -1
38257 18101 -1
38872 4755 -1
REST_OF_WORLD 4755 -1
10029 23984 1
10029 9498 -1
10029 18101 -1
10029 38261 1
10029 45243 1
10029 45189 1
10029 REST_OF_WORLD -1
10029 45144 1
10029 38594 1
10029 45235 1
10029 4755 -1
10029 REST_OF_WORLD 1
23903 9583 -1
23903 9498 -1
38468 18101 -1
38468 9498 -1
17786 9583 -1
17786 4755 -1
38021 18101 -1
38021 9498 -1
9238 4755 -1
REST_OF_WORLD 9498 1
REST_OF_WORLD 4755 1
10125 9498 -1
10125 4755 -1
24574 9498 -1
24574 REST_OF_WORLD -1
9666 18101 -1
9796 9498 -1
9796 4755 -1
24539 9498 -1
24539 18101 -1
38743 18101 -1
38743 REST_OF_WORLD -1
24185 9583 -1
24185 9498 -1
23772 18101 -1
23772 9498 -1
45219 9498 -1
45219 REST_OF_WORLD -1
45219 4755 -1
REST_OF_WORLD 9498 -1
REST_OF_WORLD 18101 -1
REST_OF_WORLD 45208 1
38810 9498 -1
38810 4755 -1
24391 9583 -1
24391 18101 -1
24391 4755 -1
17825 REST_OF_WORLD -1
17825 9498 -1
17825 18101 -1
17825 REST_OF_WORLD -1
17825 4755 -1
REST_OF_WORLD 9498 -1
REST_OF_WORLD 4755 -1
45189 10029 -1
45189 18101 -1
37986 REST_OF_WORLD -1
37986 9625 -1
37986 18101 -1
37986 9498 -1
17423 18231 -1
38573 9498 -1
38573 REST_OF_WORLD -1
9829 REST_OF_WORLD -1
9829 18101 -1
9829 9498 -1
9829 REST_OF_WORLD -1
9829 REST_OF_WORLD -1
9829 REST_OF_WORLD -1
9829 38204 1
9829 17747 1
9829 REST_OF_WORLD 1
9829 REST_OF_WORLD -1
9829 REST_OF_WORLD -1
9829 REST_OF_WORLD -1
9829 4755 -1
REST_OF_WORLD 9498 -1
REST_OF_WORLD 4755 -1
17648 9498 -1
17648 4755 -1
REST_OF_WORLD 10077 1
REST_OF_WORLD 37986 1
REST_OF_WORLD 9625 1
REST_OF_WORLD 17439 1
REST_OF_WORLD 18008 1
REST_OF_WORLD 4755 1
REST_OF_WORLD 10029 1
REST_OF_WORLD 24127 1
REST_OF_WORLD 9396 1
45153 9498 -1
38139 9498 -1
38139 17495 -1
23872 9498 -1
23872 18101 -1
23872 4755 -1
45208 REST_OF_WORLD -1
REST_OF_WORLD 9414 1
REST_OF_WORLD 38596 1
REST_OF_WORLD 9430 1
24178 9583 -1
24178 4755 -1
38324 9498 -1
38324 REST_OF_WORLD -1
38324 4755 -1
REST_OF_WORLD 9498 -1
7487 9583 -1
45232 18101 -1
17624 18101 -1
17624 4755 -1
38219 18101 -1
38219 4755 -1
38191 9498 -1
38191 18101 -1
38191 4755 -1
24327 9498 -1
24327 4755 -1
REST_OF_WORLD 17825 1
REST_OF_WORLD 9910 1
REST_OF_WORLD 9347 1
REST_OF_WORLD 24448 1
REST_OF_WORLD 38174 1
REST_OF_WORLD 38015 1
REST_OF_WORLD 38857 1
REST_OF_WORLD 23994 1
17426 4755 -1
38557 9498 -1
38557 4755 -1
18120 9498 -1
18120 4755 -1
38312 4755 -1
9583 23903 1
9583 REST_OF_WORLD -1
9583 9498 -1
9583 REST_OF_WORLD -1
9583 REST_OF_WORLD -1
9583 38266 1
9583 9941 1
9583 23747 1
9583 REST_OF_WORLD -1
9583 38898 1
9583 24391 1
9583 4755 -1
9583 REST_OF_WORLD 1
9583 24332 1
9583 17436 1
9583 24185 1
9583 38720 1
9583 REST_OF_WORLD -1
9583 7487 1
9583 REST_OF_WORLD -1
9583 24103 1
9583 REST_OF_WORLD 1
9583 REST_OF_WORLD -1
9583 REST_OF_WORLD -1
9583 17786 1
9583 REST_OF_WORLD -1
9583 REST_OF_WORLD 1
9583 REST_OF_WORLD -1
9583 24178 1
9583 45202 1
24448 REST_OF_WORLD -1
24448 REST_OF_WORLD -1
24448 4755 -1
45210 4755 -1
18229 9498 -1
18229 4755 -1
REST_OF_WORLD 18101 1
REST_OF_WORLD 18101 -1
38072 REST_OF_WORLD -1
38072 18101 -1
24374 REST_OF_WORLD -1
24374 9498 -1
24374 REST_OF_WORLD -1
24374 4755 -1
45205 18101 -1
45205 4755 -1
REST_OF_WORLD 9583 -1
17830 4755 -1
23658 9498 -1
23658 17820 -1
23984 10029 -1
45150 18101 -1
24468 9498 -1
24468 4755 -1
9498 23957 1
9498 REST_OF_WORLD 1
9498 REST_OF_WORLD -1
9498 REST_OF_WORLD 1
9498 38029 1
9498 REST_OF_WORLD 1
9498 17466 1
9498 17665 1
9498 9796 1
9498 9583 1
9498 9501 1
9498 REST_OF_WORLD -1
9498 17447 1
9498 17825 1
9498 10239 1
9498 38058 1
9498 REST_OF_WORLD 1
9498 REST_OF_WORLD 1
9498 REST_OF_WORLD 1
9498 REST_OF_WORLD -1
9498 10125 1
9498 18172 1
9498 24003 1
9498 23903 1
9498 REST_OF_WORLD -1
9498 REST_OF_WORLD 1
9498 9829 1
9498 17648 1
9498 38457 1
9498 REST_OF_WORLD 1
9498 38139 1
9498 REST_OF_WORLD 1
9498 REST_OF_WORLD 1
9498 10077 1
9498 REST_OF_WORLD -1
9498 38324 1
9498 38546 1
9498 38468 1
9498 REST_OF_WORLD -1
9498 24468 1
9498 9430 1
9498 REST_OF_WORLD 1
9498 7633 1
9498 23658 1
9498 37986 1
9498 24374 1
9498 38021 1
9498 REST_OF_WORLD 1
9498 17465 1
9498 38191 1
9498 9625 1
9498 23772 1
9498 38810 1
9498 REST_OF_WORLD 1
9498 24109 1
9498 38314 1
9498 38529 1
9498 24186 1
9498 18207 1
9498 10201 1
9498 23959 1
9498 REST_OF_WORLD 1
9498 17443 1
9498 24560 1
9498 17753 1
9498 17913 1
9498 9554 1
9498 45219 1
9498 REST_OF_WORLD 1
9498 REST_OF_WORLD 1
9498 24539 1
9498 24216 1
9498 24029 1
9498 23872 1
9498 24574 1
9498 REST_OF_WORLD 1
9498 24501 1
9498 38174 1
9498 17625 1
9498 38746 1
9498 4755 1
9498 38015 1
9498 24327 1
9498 REST_OF_WORLD 1
9498 37934 1
9498 18223 1
9498 17813 1
9498 17771 1
9498 38857 1
9498 REST_OF_WORLD 1
9498 2697 1
9498 REST_OF_WORLD 1
9498 38557 1
9498 23682 1
9498 17453 1
9498 18105 1
9498 38898 1
9498 38000 1
9498 17436 1
9498 17488 1
9498 38257 1
9498 38573 1
9498 38902 1
9498 10029 1
9498 24558 1
9498 17483 1
9498 17903 1
9498 17917 1
9498 17820 1
9498 REST_OF_WORLD -1
9498 10215 1
9498 18229 1
9498 45335 1
9498 REST_OF_WORLD -1
9498 38310 1
9498 24185 1
9498 24515 1
9498 38907 1
9498 24055 1
9498 24222 1
9498 17754 1
9498 38261 1
9498 REST_OF_WORLD -1
9498 9730 1
9498 REST_OF_WORLD 1
9498 38571 1
9498 24397 1
9498 18120 1
9498 38476 1
9498 45153 1
9498 45148 1
9498 REST_OF_WORLD -1
9498 23994 1
9498 18002 1
9498 18167 1
9498 REST_OF_WORLD 1
45243 10029 -1
9830 18101 -1
9830 10201 -1
REST_OF_WORLD 4755 1
REST_OF_WORLD 4755 -1
23959 9498 -1
REST_OF_WORLD 9498 -1
REST_OF_WORLD 18101 -1
REST_OF_WORLD 4755 -1
REST_OF_WORLD 4755 -1
REST_OF_WORLD 38058 1
REST_OF_WORLD 24222 1
45236 10201 -1
17439 REST_OF_WORLD -1
17439 4755 -1
17483 9498 -1
17483 18101 -1
18172 9498 -1
18172 4755 -1
9430 REST_OF_WORLD -1
9430 18101 -1
9430 9498 -1
9430 4755 -1
9285 4755 -1
17436 9583 -1
17436 9498 -1
17436 4755 -1
24127 REST_OF_WORLD -1
24127 REST_OF_WORLD -1
REST_OF_WORLD 9498 1
REST_OF_WORLD 9583 1
REST_OF_WORLD 18101 -1
REST_OF_WORLD 9498 -1
REST_OF_WORLD 7633 1
REST_OF_WORLD 4755 -1
38857 9498 -1
38857 REST_OF_WORLD -1
38174 REST_OF_WORLD -1
38174 9498 -1
38174 REST_OF_WORLD -1
38174 4755 -1
17803 18101 -1
38546 10201 -1
38546 9498 -1
45117 18101 -1
45117 4755 -1
38907 9498 -1
38907 4755 -1
REST_OF_WORLD 4755 -1
18196 4755 -1
38204 18101 -1
38204 9829 -1
24186 18101 -1
24186 9498 -1
24186 4755 -1
24186 17917 1
24186 38236 1
REST_OF_WORLD 9498 -1
REST_OF_WORLD 4755 -1
REST_OF_WORLD 38573 1
24558 9498 -1
24558 4755 -1
24216 9498 -1
24216 4755 -1
24515 18101 -1
24515 9498 -1
24515 4755 -1
18002 9498 -1
18002 18101 -1
18002 9730 1
18002 4755 -1
38625 10201 -1
38625 4755 -1
17917 24186 -1
17917 9498 -1
17917 18101 -1
23976 18101 -1
REST_OF_WORLD 9730 1
24485 4755 -1
17754 18101 -1
17754 9498 -1
REST_OF_WORLD 9498 -1
REST_OF_WORLD 4755 -1
REST_OF_WORLD 18101 -1
18231 17423 1
18231 17625 1
18231 9910 1
18231 4755 -1
38266 9583 -1
38266 4755 -1
24009 REST_OF_WORLD -1
24009 18105 -1
17625 18101 -1
17625 9498 -1
17625 18231 -1
17625 4755 -1
38261 10029 -1
38261 9498 -1
REST_OF_WORLD 9498 -1
REST_OF_WORLD 24109 1
9414 REST_OF_WORLD -1
9414 REST_OF_WORLD -1
17818 18101 -1
45196 18101 -1
REST_OF_WORLD 9498 -1
REST_OF_WORLD 4755 -1
REST_OF_WORLD 9583 1
17771 9498 -1
REST_OF_WORLD 4755 -1
10239 9498 -1
REST_OF_WORLD 4755 -1
17903 REST_OF_WORLD -1
17903 9498 -1
17903 18101 -1
17903 REST_OF_WORLD -1
17903 4755 -1
24222 9498 -1
24222 REST_OF_WORLD -1
24222 REST_OF_WORLD -1
24222 4755 -1
